(500, 500)


			the value of T is : 	 [[-0.03027848]
 [ 0.00066073]
 [-0.01219205]] 

			the value of R is : 	 [[ 0.99930455 -0.03435942  0.01448637]
 [ 0.03475041  0.9990131  -0.02766285]
 [-0.0135216   0.02814702  0.99951234]] 


			 the value of E is : 	 [[ 0.00041474  0.01219862  0.00032314]
 [-0.01259298  0.00127116  0.03008709]
 [-0.00171246 -0.03022589  0.00082802]] 


 the value of F is : 	 [[ 1.68748634e-06  2.77653425e-05 -7.42435350e-03]
 [-2.86244547e-05  1.61637461e-06  3.63382749e-02]
 [ 4.54741725e-03 -3.59804293e-02  1.00000000e+00]]

	stereocalibration_retval = :
		 3.1122243635183375 
	cameraMatrix1 = :
		 [[438.3834058    0.         237.55659974]
 [  0.         783.64808014 273.71711951]
 [  0.           0.           1.        ]] 
	distCoeffs1 = :
		 [[ 4.09491645e-01 -2.58001795e+00  5.03661908e-03  2.16913214e-03
   8.11592997e+00]] 
	cameraMatrix2 :
		 [[425.29925777   0.         226.01267985]
 [  0.         761.28196013 275.71170695]
 [  0.           0.           1.        ]] 
	distCoeffs2 = : 
		 [[ 5.05836475e-01 -3.98317770e+00  1.44028937e-02 -1.74233101e-02
   1.48314464e+01]]



The value of Q is :  [[   1.            0.            0.          115.88994122]
 [   0.            1.            0.         -260.84034729]
 [   0.            0.            0.          772.46502013]
 [   0.            0.           30.63007965   -0.        ]] 




The value of roi_left is :  (0, 22, 500, 388) 




The value of roi_right is :  (0, 125, 490, 299) 




			 cameraMatrix1, distCoeffs1, R1, P1   [[438.3834058    0.         237.55659974]
 [  0.         783.64808014 273.71711951]
 [  0.           0.           1.        ]] 
 [[ 4.09491645e-01 -2.58001795e+00  5.03661908e-03  2.16913214e-03
   8.11592997e+00]] 

	R1 
 [[ 0.92103433 -0.04157285  0.38725633]
 [ 0.05081355  0.99861488 -0.01364927]
 [-0.38615249  0.03224932  0.92187105]] 

	P1 
 [[ 772.46502013    0.         -115.88994122    0.        ]
 [   0.          772.46502013  260.84034729    0.        ]
 [   0.            0.            1.            0.        ]]



			 cameraMatrix2, distCoeffs2, R2, P2   [[425.29925777   0.         226.01267985]
 [  0.         761.28196013 275.71170695]
 [  0.           0.           1.        ]] 
 [[ 5.05836475e-01 -3.98317770e+00  1.44028937e-02 -1.74233101e-02
   1.48314464e+01]] 

	R2 
 [[ 0.92743215 -0.02023811  0.37344347]
 [ 0.01626866  0.99977272  0.01377834]
 [-0.37363744 -0.00670305  0.92755061]] 

	P2 
 [[ 772.46502013    0.         -115.88994122  -25.21916459]
 [   0.          772.46502013  260.84034729    0.        ]
 [   0.            0.            1.            0.        ]]
